7 1636067132108
8 1636067135854
1 1636574783031
1 1636576843065
0 1636576854806
1 1636577073190
0 1636577134289
1 1636577148102
0 1636577338122
1 1636577356517
1 1636577416471
1 1636577576907
2 1636577576912
3 1636577576920
4 1636577576932
5 1636577576944
6 1636577576957
7 1636577576969
8 1636577576982
9 1636577576996
10 1636577577010
11 1636577577024
12 1636577577039
13 1636577577052
14 1636577577065
15 1636577577077
1 1636577713356
2 1636577713360
3 1636577713363
4 1636577713367
5 1636577713371
6 1636577713374
7 1636577713377
8 1636577713380
9 1636577713384
10 1636577713387
11 1636577713391
12 1636577713394
13 1636577713398
14 1636577713406
15 1636577713409
1 1636577738954
2 1636577738958
3 1636577738965
4 1636577738971
5 1636577738978
6 1636577738981
7 1636577738990
8 1636577738993
9 1636577738997
10 1636577739001
11 1636577739005
12 1636577739009
13 1636577739012
14 1636577739016
15 1636577739019
0 1636578029129
1 1636578046978
2 1636578046981
3 1636578046990
4 1636578046996
5 1636578047003
6 1636578047011
7 1636578047017
8 1636578047025
9 1636578047033
10 1636578047040
11 1636578047047
12 1636578047054
13 1636578047062
14 1636578047069
15 1636578047082
1 1636578767568
2 1636578800517
1 1636578838914
1 1636578896544
1 1636578931590
1 1636578956942
1 1636578979809
0 1636765622053
1 1636765930290
